latmin <- 0.441788
latmax <- 0.599669
lonmin <- 35.197165
lonmax <- 35.342369

image_width_meters <- 16128
image_height_meters <- 17472