latmin <- 0.4418458532367909
latmax <- 0.5999219876291636
lonmin <- 35.19716432766585
lonmax <- 35.341641359427314

image_width_meters <- 16128
image_height_meters <- 17472