latmin <- -0.610841
latmax <- -0.450722
lonmin <- 37.405709
lonmax <- 37.562967

image_width_meters <- 17510
image_height_meters <- 17830