latmin <- -0.525059
latmax <- -0.383006
lonmin <- 39.593464
lonmax <- 39.810048

image_width_meters <- 24110
image_height_meters <- 15820