latmin <- 0.222893
latmax <- 0.349255
lonmin <- 34.679684
lonmax <- 34.815056

image_width_meters <- 15070
image_height_meters <- 14070