
latmin <- -0.458477
latmax <- -0.277835
lonmin <- 35.156474
lonmax <- 35.356528

image_width_meters <- 22280
image_height_meters <- 20110