
latmin <- -0.458477
latmax <- -0.200559
lonmin <- 34.564208
lonmax <- 34.878784

image_width_meters <- 35100
image_height_meters <- 26700