
latmin <- -0.200559
latmax <- 0.040375
lonmin <- 34.564208
lonmax <- 34.878784

image_width_meters <- 35100
image_height_meters <- 26700