
latmin <- -1.510508
latmax <- -1.262536 
lonmin <- 37.853413
lonmax <- 38.125853 

image_width_meters <- 30340
image_height_meters <- 27620