
latmin <- -1.613511
latmax <- -1.376432
lonmin <- 37.157369
lonmax <- 37.348050

image_width_meters <- 21240
image_height_meters <- 26410