
latmin <- -3.388280
latmax <- -3.145616
lonmin <- 39.918331
lonmax <- 40.154374

image_width_meters <- 26280
image_height_meters <- 27070