
latmin <- -4.139945
latmax <- -3.907266
lonmin <- 39.543054
lonmax <- 39.777455

image_width_meters <- 22280
image_height_meters <- 26110