
latmin <- -1.371881
latmax <- -1.146448
lonmin <- 36.669227
lonmax <- 37.052069

image_width_meters <- 42630
image_height_meters <- 25110