
latmin <- -0.960878 
latmax <- -0.554870
lonmin <- 36.249008
lonmax <- 36.584142

image_width_meters <- 37320
image_height_meters <- 45200