
latmin <- -0.421844
latmax <- -0.235655
lonmin <- 35.988845
lonmax <- 36.182764

image_width_meters <- 21600
image_height_meters <- 20730