
latmin <- -0.500379
latmax <- -0.303217
lonmin <- 36.863641
lonmax <- 37.086427

image_width_meters <- 24810
image_height_meters <- 21960