
latmin <- -1.112510
latmax <- -1.002083
lonmin <- 37.008005
lonmax <- 37.187779

image_width_meters <- 20020
image_height_meters <- 12310